0,1,2,3,4,5,6,7,8,9,10,11,12,13,14,15,16,17,18,19
0.68,0.7152992700817093,0.7524309496756268,0.7914901604262695,0.832576961808479,0.8757966074536063,0.9212598147817675,0.9690830486308958,1.0193888196091727,1.072305997935142,1.072305997935142,1.0193888196091727,0.9690830486308958,0.9212598147817674,0.8757966074536062,0.8325769618084788,0.7914901604262695,0.7524309496756268,0.7152992700817095,0.68
0.68,0.71428302861565,0.7502944778946256,0.7881214882708397,0.8278555934693659,0.8695929419995659,0.9134345298150637,0.9594864447035527,1.0078601229978175,1.058672619229151,1.058672619229151,1.0078601229978177,0.9594864447035528,0.9134345298150636,0.8695929419995662,0.8278555934693659,0.7881214882708396,0.7502944778946256,0.71428302861565,0.6800000000000002
0.68,0.7285810860862654,0.7806329397097678,0.8364035221300834,0.8961585096469321,0.9601825592117804,1.0287806644582482,1.1022796086110886,1.1810295211950155,1.265405545959127,1.265405545959127,1.1810295211950155,1.1022796086110886,1.0287806644582482,0.9601825592117803,0.8961585096469321,0.8364035221300833,0.7806329397097677,0.7285810860862653,0.6799999999999999
0.68,0.7604310125574747,0.850375477734097,0.950958655275567,1.0634389016639614,1.18922341291961,1.3298858294757565,1.4871859233736566,1.663091614076842,1.8598035883357313,1.8598035883357318,1.663091614076842,1.4871859233736568,1.329885829475757,1.18922341291961,1.0634389016639616,0.9509586552755671,0.8503754777340969,0.7604310125574746,0.6800000000000002
0.68,0.7189190292558728,0.760065545038539,0.8035670350146212,0.8495582834628403,0.8981817888873393,0.9495882055326313,1.0039368101681552,1.0613959955887173,1.1221437923598696,1.1221437923598694,1.0613959955887171,1.0039368101681552,0.9495882055326315,0.8981817888873393,0.8495582834628403,0.8035670350146212,0.760065545038539,0.7189190292558728,0.6799999999999999
0.68,0.7285465845482951,0.7805590086132151,0.8362847055346485,0.8959887734224189,0.9599552362801761,1.0284883951634909,1.1019142757998803,1.180582179557369,1.2648663451398576,1.2648663451398579,1.180582179557369,1.1019142757998803,1.0284883951634909,0.9599552362801759,0.895988773422419,0.8362847055346486,0.7805590086132148,0.7285465845482949,0.6799999999999999
0.68,0.7237686172977115,0.7703544285074136,0.8199387640440875,0.8727146257661528,0.9288874382150855,0.9886758482090381,1.0523125759027907,1.1200453206266998,1.1921377250305272,1.1921377250305274,1.1200453206266998,1.0523125759027905,0.9886758482090381,0.9288874382150853,0.8727146257661527,0.8199387640440876,0.7703544285074136,0.7237686172977116,0.6799999999999999
0.68,0.719525823392319,0.761349133129992,0.8056034733888027,0.8524301507614563,0.901978685457464,0.9544072887295634,1.009883368051132,1.0685840616576459,1.1306968041590089,1.1306968041590089,1.0685840616576456,1.009883368051132,0.9544072887295634,0.9019786854574637,0.8524301507614562,0.8056034733888027,0.7613491331299919,0.7195258233923189,0.68
0.68,0.716927688034953,0.7558607498105041,0.7969080879970747,0.8401845192707319,0.8858110954757707,0.9339154422281666,0.9846321159070297,1.0381029800326333,1.09447760208381,1.09447760208381,1.0381029800326336,0.9846321159070298,0.9339154422281668,0.8858110954757709,0.8401845192707319,0.7969080879970748,0.7558607498105043,0.7169276880349531,0.68
0.68,0.7243370276031642,0.7715648964073337,0.8218720936273989,0.8754593961294994,0.9325406717348567,0.9933437327698293,1.0581112452687207,1.127101697457982,1.200590431387052,1.200590431387052,1.127101697457982,1.0581112452687207,0.9933437327698295,0.9325406717348568,0.8754593961294993,0.821872093627399,0.7715648964073338,0.7243370276031643,0.6800000000000002
0.68,0.729979515697246,0.7836324902023318,0.8412289201213604,0.9030586466186878,0.9694328139778238,1.0406854353655148,1.1171750736783763,1.1992866459305533,1.2874333602625878,1.2874333602625878,1.1992866459305533,1.1171750736783763,1.0406854353655146,0.9694328139778238,0.9030586466186881,0.8412289201213603,0.7836324902023319,0.729979515697246,0.68
0.68,0.7376418706540888,0.8001698960912699,0.8679982632262534,0.9415762685451673,1.0213912942546381,1.1079720367114592,1.2018920085180316,1.3037733374815308,1.4142908876011777,1.4142908876011782,1.3037733374815308,1.2018920085180318,1.1079720367114594,1.0213912942546381,0.9415762685451675,0.8679982632262535,0.8001698960912701,0.7376418706540889,0.6800000000000002
0.68,0.7264701604871584,0.7761160207032908,0.8291546031131977,0.8858177611651631,0.9463531928176931,1.011025523329124,1.0801174620434149,1.1539310382289143,1.2327889213724599,1.2327889213724599,1.1539310382289143,1.0801174620434149,1.0110255233291239,0.9463531928176931,0.8858177611651631,0.8291546031131977,0.7761160207032908,0.7264701604871585,0.68
0.68,0.760022297491698,0.8494616068890577,0.949426120733546,1.0611544434978528,1.1860309384422978,1.3256028804869853,1.4815996276313699,1.655954048463585,1.8508264712558422,1.8508264712558422,1.655954048463585,1.4815996276313697,1.3256028804869853,1.1860309384422978,1.061154443497853,0.9494261207335463,0.8494616068890577,0.7600222974916984,0.6800000000000002
0.68,0.7496138013175293,0.8263541928319357,0.9109507466520966,1.00420772354547,1.1070117190578563,1.2203400923911947,1.345270258172865,1.4829899294534927,1.6348084093135988,1.6348084093135988,1.4829899294534927,1.3452702581728648,1.2203400923911945,1.1070117190578561,1.00420772354547,0.9109507466520966,0.8263541928319353,0.7496138013175292,0.6799999999999999
0.68,0.7782245090888403,0.8906373331567156,1.0192879431942337,1.1665218517830975,1.3350233756548617,1.5278645752075461,1.7485612632281207,2.001137103952157,2.2901969710921044,2.290196971092104,2.0011371039521566,1.7485612632281207,1.5278645752075457,1.3350233756548615,1.1665218517830973,1.0192879431942337,0.8906373331567156,0.7782245090888406,0.6800000000000002
0.68,0.7373914237085064,0.7996266349394971,0.8671144452548203,0.940298169565682,1.0196585381860894,1.1057168546611396,1.1990384201133373,1.300236246600841,1.409975083879998,1.4099750838799983,1.300236246600841,1.1990384201133373,1.1057168546611396,1.0196585381860894,0.9402981695656821,0.8671144452548205,0.7996266349394973,0.7373914237085065,0.6800000000000002
0.68,0.7360464146723843,0.7967122419883403,0.8623782194722277,0.9334564654913055,1.0103930657023994,1.0936708726766025,1.1838125362723984,1.2813837837757658,1.3869969703933616,1.3869969703933618,1.2813837837757658,1.1838125362723986,1.0936708726766027,1.0103930657023994,0.9334564654913055,0.8623782194722278,0.7967122419883403,0.7360464146723841,0.6799999999999998
0.68,0.7410721718988017,0.807629358768834,0.8801641808706709,0.9592135016843497,1.0453624014821705,1.139248507776087,1.241566714691314,1.3530743261964,1.4745966612571675,1.474596661257167,1.3530743261964,1.2415667146913139,1.1392485077760868,1.04536240148217,0.9592135016843496,0.8801641808706709,0.8076293587688339,0.7410721718988015,0.6799999999999999
0.68,0.740939519610933,0.8073402525312942,0.8796916159898623,0.9585268872901381,1.0444271344160556,1.1380254988865521,1.2400118624264622,1.351137931850178,1.4722227796370297,1.4722227796370302,1.3511379318501784,1.2400118624264624,1.1380254988865524,1.0444271344160558,0.9585268872901384,0.8796916159898625,0.8073402525312945,0.7409395196109332,0.6800000000000003
0.68,0.7363038525709926,0.7972696519277737,0.8632834062534618,0.934763085125049,1.0121612659098829,1.0959679992832052,1.186713912009922,1.2849735666360287,1.3913690993617602,1.3913690993617602,1.284973566636029,1.1867139120099217,1.0959679992832052,1.0121612659098829,0.934763085125049,0.8632834062534619,0.7972696519277737,0.7363038525709926,0.6800000000000002
0.68,0.7504160232952187,0.8281238353208975,0.9138785224963125,1.008513362686166,1.1129479221574137,1.2281969910000632,1.3553804438373838,1.495734121641997,1.6506218403964037,1.6506218403964037,1.495734121641997,1.3553804438373835,1.2281969910000636,1.112947922157414,1.008513362686166,0.9138785224963123,0.8281238353208972,0.750416023295219,0.68
0.68,0.7466472215514144,0.8198265786035982,0.9001782898064393,0.988405322036591,1.085279540390076,1.1916484609394793,1.3084426653330608,1.4366839421033193,1.5774942259102591,1.5774942259102587,1.4366839421033186,1.3084426653330605,1.1916484609394793,1.0852795403900757,0.988405322036591,0.9001782898064395,0.8198265786035983,0.7466472215514145,0.6800000000000002
0.68,0.7403249500097178,0.8060015170689574,0.8775044600468126,0.9553506551727365,1.0401028324007462,1.132373643238306,1.2328300894451776,1.3421983446161427,1.4612690035015758,1.461269003501576,1.3421983446161427,1.2328300894451778,1.1323736432383062,1.0401028324007462,0.9553506551727367,0.8775044600468127,0.8060015170689576,0.740324950009718,0.6800000000000002
0.68,0.7484723777305813,0.823839559155397,0.9067958142787557,0.9981053223961159,1.0986092115873076,1.209233307049223,1.3309966596443321,1.4650209332286097,1.612540737233371,1.6125407372333713,1.4650209332286095,1.3309966596443321,1.209233307049223,1.0986092115873078,0.9981053223961158,0.9067958142787556,0.823839559155397,0.7484723777305814,0.68
0.68,0.7420840333210288,0.8098363419264788,0.8837744396275722,0.964463089271854,1.0525186165825244,1.1486136178515134,1.2534820974451615,1.3679250743644233,1.4928167006842932,1.4928167006842932,1.3679250743644233,1.2534820974451613,1.1486136178515134,1.0525186165825244,0.9644630892718539,0.8837744396275721,0.8098363419264788,0.7420840333210286,0.68
0.68,0.7410601944287505,0.8076032525982021,0.880121504987816,0.9591514905988168,1.0452779266320367,1.139138034620615,1.2414262550252022,1.3528993851734292,1.474382178557586,1.474382178557586,1.3528993851734294,1.2414262550252024,1.139138034620615,1.0452779266320367,0.9591514905988169,0.8801215049878158,0.8076032525982021,0.7410601944287505,0.6800000000000002
0.68,0.7484154501336615,0.82371424411584,0.9065889217521547,0.9978016999401907,1.098191482948339,1.2086815780054916,1.3302881871635948,1.4641297535346094,1.6114372478613113,1.6114372478613108,1.4641297535346092,1.3302881871635948,1.2086815780054916,1.098191482948339,0.9978016999401907,0.9065889217521549,0.82371424411584,0.7484154501336616,0.6800000000000002
0.68,0.7450178132148947,0.8162522676580934,0.8942977639446053,0.9798055359661468,1.073489084972568,1.1761301332298835,1.2885851469339271,1.411792482808688,1.5467802180225816,1.5467802180225816,1.4117924828086883,1.2885851469339273,1.1761301332298837,1.0734890849725682,0.9798055359661468,0.8942977639446053,0.8162522676580934,0.7450178132148947,0.6800000000000002
0.68,0.754307554796895,0.8367351282701038,0.9281700420854238,1.0295965807076277,1.1421065870894331,1.2669112162130252,1.4053539730094224,1.5589251750071156,1.7292779953984394,1.7292779953984394,1.5589251750071156,1.4053539730094222,1.2669112162130252,1.1421065870894331,1.0295965807076277,0.9281700420854235,0.8367351282701037,0.7543075547968949,0.68
0.68,0.7645087902194947,0.8595201328277577,0.9663392601727182,1.0864336157885974,1.221453013618135,1.3732523025752297,1.543916847805771,1.7357911786992435,1.9515111972073955,1.9515111972073957,1.7357911786992435,1.543916847805771,1.37325230257523,1.2214530136181352,1.0864336157885977,0.9663392601727185,0.8595201328277579,0.7645087902194949,0.6800000000000004
0.68,0.7609545392203388,0.8515467805294681,0.952924100003477,1.06637046975015,1.1933227197748553,1.3353887358344656,1.4943678237602154,1.6722734981693461,1.8713589841909397,1.8713589841909397,1.6722734981693463,1.4943678237602156,1.3353887358344658,1.1933227197748557,1.0663704697501502,0.9529241000034773,0.8515467805294683,0.7609545392203392,0.6800000000000003
0.68,0.7509003860646168,0.8291932202823391,0.9156492782826048,1.0111197008267585,1.1165443731005187,1.2329611776756693,1.3615162122343305,1.503475072647049,1.6602353124841132,1.6602353124841134,1.5034750726470494,1.3615162122343305,1.2329611776756693,1.1165443731005187,1.0111197008267583,0.9156492782826047,0.829193220282339,0.7509003860646168,0.68
0.68,0.7693876682404663,0.8705255647654442,0.9849582859097061,1.1144334689855815,1.2609284825175746,1.4266806249738035,1.6142212931947735,1.8264146423459369,2.0665013278158613,2.0665013278158613,1.8264146423459369,1.6142212931947735,1.4266806249738038,1.2609284825175746,1.1144334689855817,0.9849582859097064,0.8705255647654443,0.7693876682404667,0.6800000000000002
0.68,0.7533341789942004,0.8345770371189207,0.9245814809785213,1.0242923983620533,1.1347565778971735,1.2571336984829937,1.3927085038715128,1.5429042902092462,1.7092978481344296,1.7092978481344296,1.5429042902092462,1.392708503871513,1.257133698482994,1.1347565778971735,1.0242923983620538,0.9245814809785214,0.8345770371189208,0.7533341789942006,0.6800000000000002
0.68,0.7547952531618349,0.8378174620524094,0.929971534372433,1.0322619113528537,1.1458035157483775,1.2718339040338487,1.4117267552574022,1.5670068435733038,1.7393666576488818,1.7393666576488815,1.5670068435733038,1.4117267552574022,1.2718339040338487,1.1458035157483775,1.0322619113528537,0.929971534372433,0.8378174620524096,0.7547952531618352,0.6800000000000003
0.68,0.7576904185179822,0.8442570151675809,0.9407138987633333,1.0481910406759893,1.167947512200867,1.3013862343036926,1.4500704125339787,1.6157418496373726,1.8003413503952346,1.8003413503952346,1.6157418496373728,1.450070412533979,1.3013862343036926,1.1679475122008673,1.0481910406759893,0.9407138987633336,0.8442570151675811,0.7576904185179825,0.6800000000000003
0.68,0.7610558598740947,0.8517735615422026,0.9533047945551782,1.0669385296210123,1.1941173824904734,1.3364559284145447,1.4957611996814157,1.6740556264556583,1.8736027121607017,1.873602712160702,1.6740556264556583,1.4957611996814164,1.336455928414545,1.1941173824904734,1.0669385296210125,0.9533047945551784,0.851773561542203,0.7610558598740951,0.6800000000000004
0.68,0.7564655366680707,0.8415295708331061,0.9361589976798776,1.0414294390978704,1.1585374699251445,1.2888142190249898,1.4337404997943815,1.594963642087801,1.774316216879425,1.7743162168794246,1.5949636420878006,1.4337404997943812,1.2888142190249898,1.1585374699251443,1.0414294390978702,0.9361589976798776,0.8415295708331061,0.7564655366680707,0.68
0.68,0.7603056957120862,0.8500952219591755,0.9504885869899871,1.062738068232088,1.1882438328337004,1.328571402938562,1.4854711835505674,1.6609002965730444,1.8570469933740863,1.8570469933740863,1.6609002965730444,1.4854711835505674,1.3285714029385622,1.1882438328337002,1.0627380682320882,0.9504885869899872,0.8500952219591756,0.7603056957120861,0.68
0.68,0.7566944619135602,0.842038983368606,0.9370091697505125,1.0426906610476996,1.160291542211446,1.291156153230213,1.436780456786644,1.5988291391707186,1.7791546399360403,1.7791546399360403,1.5988291391707188,1.4367804567866442,1.2911561532302132,1.160291542211446,1.0426906610476996,0.9370091697505128,0.8420389833686063,0.7566944619135603,0.6800000000000002
0.68,0.7614745286034597,0.8527109672233251,0.954878943825561,1.069288225916086,1.1974055114274722,1.3408732314138514,1.5015306055997941,1.6814372207099564,1.8828994338476843,1.8828994338476845,1.6814372207099566,1.5015306055997941,1.3408732314138514,1.1974055114274724,1.069288225916086,0.954878943825561,0.8527109672233251,0.7614745286034597,0.6800000000000002
0.68,0.7592276232258264,0.8476861527487314,0.9464510926365648,1.0567232552381551,1.1798433610028278,1.31730833934257,1.4707895287273818,1.6421529972957698,1.8334822310441676,1.8334822310441676,1.6421529972957696,1.4707895287273818,1.31730833934257,1.1798433610028276,1.0567232552381551,0.9464510926365649,0.8476861527487314,0.7592276232258264,0.68
0.68,0.7599592993966537,0.8493207893227248,0.9491900470833984,1.0608026517290825,1.1855394705972735,1.3249437433561526,1.48074017491312,1.6548562734050785,1.8494461972633536,1.8494461972633536,1.654856273405078,1.48074017491312,1.3249437433561526,1.1855394705972737,1.0608026517290825,0.9491900470833984,0.8493207893227248,0.7599592993966537,0.68
0.68,0.7617236831140894,0.8532690726719027,0.9558165598867433,1.0706883976152481,1.1993657495573669,1.3435077884613649,1.5049730895871412,1.6858435952763346,1.8884514596296884,1.8884514596296884,1.6858435952763346,1.5049730895871412,1.3435077884613649,1.1993657495573669,1.0706883976152481,0.9558165598867432,0.8532690726719027,0.7617236831140894,0.68
0.68,0.7770663326426779,0.887988360774619,1.0147439102007592,1.1595931306929335,1.3251187962135285,1.5142723577787156,1.7304265701195405,1.977435630515057,2.2597039021195537,2.259703902119554,1.977435630515057,1.7304265701195405,1.5142723577787156,1.3251187962135287,1.1595931306929337,1.0147439102007596,0.8879883607746191,0.7770663326426782,0.6800000000000002
0.68,0.7635275210467525,0.857315110876175,0.9626230608282463,1.0808664696126884,1.213634259008722,1.3627105253505025,1.5300985137135101,1.718047536960289,1.9290832013761297,1.9290832013761299,1.7180475369602894,1.5300985137135101,1.3627105253505027,1.213634259008722,1.0808664696126886,0.9626230608282468,0.8573151108761755,0.7635275210467526,0.6800000000000002
0.68,0.784105147481336,0.9041483563334229,1.0425696768938617,1.2021827209712208,1.3862318525391952,1.598458134086134,1.8431753690740427,2.1253577861790705,2.450741147621391,2.4507411476213914,2.1253577861790713,1.8431753690740433,1.5984581340861341,1.3862318525391955,1.2021827209712208,1.042569676893862,0.9041483563334229,0.784105147481336,0.68
0.68,0.767640418325653,0.8665761938929167,0.9782631058691333,1.1043445585616676,1.2466757631028484,1.4073510357422403,1.5887346144238441,1.7934954470952422,2.0246464636372727,2.0246464636372727,1.793495447095242,1.5887346144238441,1.40735103574224,1.2466757631028484,1.1043445585616676,0.9782631058691335,0.8665761938929167,0.7676404183256529,0.68
0.68,0.7717243839769157,0.8758213600361031,0.993959852276009,1.1280339039639549,1.2801930435906739,1.4528767469655082,1.6488535478622677,1.8712654242531774,2.123678171748655,2.123678171748655,1.8712654242531777,1.648853547862268,1.4528767469655082,1.280193043590674,1.1280339039639549,0.993959852276009,0.8758213600361031,0.771724383976916,0.6800000000000002
0.68,0.7702416345844719,0.8724590818343514,0.988241631323762,1.1193894845224108,1.267941744551781,1.4362081204138977,1.6268048386339593,1.8426953206755128,2.0872362585856825,2.0872362585856825,1.8426953206755126,1.626804838633959,1.4362081204138977,1.2679417445517807,1.1193894845224108,0.9882416313237619,0.8724590818343512,0.7702416345844716,0.6799999999999998
0.68,0.7668530773244597,0.8647994738264615,0.9752560849594052,1.0998207793095949,1.240295513410218,1.3987123988975683,1.577363099097761,1.7788319802958301,2.006033497254441,2.006033497254441,1.7788319802958301,1.5773630990977607,1.3987123988975683,1.2402955134102183,1.099820779309595,0.9752560849594053,0.8647994738264615,0.7668530773244598,0.6800000000000002
0.68,0.803752467334763,0.9500265128628227,1.1229208143337275,1.3272799634445513,1.5688302139155181,1.8543399342116493,2.1918092608823465,2.5906942667078963,3.0621719249654347,3.062171924965436,2.5906942667078963,2.1918092608823465,1.8543399342116498,1.568830213915518,1.3272799634445511,1.1229208143337275,0.9500265128628227,0.8037524673347629,0.6799999999999999
0.68,0.7675680675606057,0.8664128504981211,0.9779865255389982,1.10392827574747,1.2460883725602896,1.4065553590232964,1.5876867335919491,1.7921435852864442,2.022929689043311,2.022929689043311,1.7921435852864445,1.5876867335919487,1.406555359023296,1.2460883725602896,1.10392827574747,0.9779865255389982,0.8664128504981211,0.7675680675606057,0.6799999999999999
0.68,0.7674087141342983,0.8660531390136136,0.9773775379153088,1.103011822934314,1.2447954186955152,1.4048041935608688,1.5853808526338473,1.789169237548351,2.019153035228857,2.0191530352288574,1.789169237548351,1.5853808526338478,1.404804193560869,1.2447954186955155,1.1030118229343144,0.977377537915309,0.8660531390136139,0.7674087141342986,0.6800000000000003
0.68,0.7769114814183298,0.8876344852347406,1.0141373865907628,1.1586690873205043,1.3237989957408778,1.5124627042369738,1.728014176674589,1.974285373400191,2.2556543738101213,2.255654373810121,1.9742853734001908,1.7280141766745885,1.512462704236974,1.3237989957408773,1.158669087320504,1.0141373865907628,0.8876344852347405,0.7769114814183297,0.6800000000000002
0.68,0.7755077574681316,0.8844298263136036,1.0086502812388114,1.1503178201075162,1.3118829309517788,1.4961402791810787,1.7062770481845042,1.9459280694954528,2.219238696130455,2.2192386961304544,1.9459280694954526,1.706277048184504,1.4961402791810787,1.3118829309517788,1.1503178201075162,1.0086502812388116,0.8844298263136036,0.7755077574681316,0.6799999999999999
0.68,0.7770891494056217,0.8880405090058124,1.0148332996780323,1.159729331816621,1.3253133529443057,1.514539156081475,1.7307822713836192,1.9779001809938621,2.26030113126139,2.2603011312613903,1.9779001809938626,1.7307822713836194,1.514539156081475,1.3253133529443057,1.1597293318166213,1.0148332996780323,0.8880405090058124,0.7770891494056217,0.6800000000000003
0.68,0.7696423971577347,0.8711020875039766,0.9859369099936283,1.1159100689026262,1.2630172065333383,1.4295170448349763,1.6179660664185767,1.8312577674680348,2.0726670852467937,2.0726670852467937,1.8312577674680348,1.6179660664185764,1.429517044834976,1.2630172065333376,1.1159100689026256,0.9859369099936279,0.8711020875039761,0.7696423971577341,0.6799999999999996
0.68,0.772459515340113,0.877490739469827,0.9968030460680881,1.1323382321401525,1.2863021205883274,1.461200459780322,1.659879704377438,1.8855733411268911,2.141954513566347,2.141954513566347,1.8855733411268911,1.6598797043774383,1.4612004597803223,1.2863021205883276,1.1323382321401525,0.9968030460680883,0.8774907394698271,0.7724595153401131,0.6800000000000002
0.68,0.7804551287982959,0.8957503059817127,1.0280778241559863,1.179953839215194,1.3542662140599087,1.554329430178392,1.783947611213028,2.0474868568804054,2.3499582626461986,2.3499582626461986,2.047486856880406,1.783947611213028,1.5543294301783923,1.3542662140599089,1.179953839215194,1.028077824155986,0.8957503059817128,0.780455128798296,0.6800000000000002
0.68,0.7791511403735535,0.892759558155013,1.022933276199806,1.1720876892310794,1.3429903818855864,1.5388124817012772,1.7631874999097181,2.020278751833899,2.314856607888002,2.3148566078880024,2.0202787518338994,1.7631874999097175,1.5388124817012774,1.3429903818855864,1.1720876892310792,1.0229332761998062,0.8927595581550127,0.7791511403735534,0.68
0.68,0.7751966509149915,0.8837203641026752,1.0074368626437804,1.1484730616614187,1.3092536339206153,1.492542694431681,1.7014913206927598,1.9396917255322839,2.2112390138825697,2.2112390138825697,1.939691725532284,1.70149132069276,1.4925426944316813,1.3092536339206153,1.148473061661419,1.0074368626437806,0.8837203641026754,0.7751966509149916,0.6800000000000002
0.68,0.7830639404647539,0.9017487277296877,1.03842192947807,1.1958099528854567,1.3770524319903785,1.5857648582661152,1.8261107037711706,2.1028844756175267,2.421607358557673,2.421607358557673,2.1028844756175262,1.8261107037711704,1.5857648582661152,1.3770524319903785,1.1958099528854564,1.03842192947807,0.9017487277296877,0.7830639404647538,0.6799999999999999
0.68,0.7732688225043655,0.8793303997901291,0.9999393865264793,1.1370911058751,1.2930545595885665,1.4704099657749288,1.6720914453433287,1.9014355633239088,2.16223652811677,2.16223652811677,1.9014355633239084,1.6720914453433284,1.4704099657749286,1.2930545595885663,1.1370911058750997,0.999939386526479,0.8793303997901286,0.773268822504365,0.6799999999999998
0.68,0.7793689879325435,0.8932588519867604,1.0237915403451574,1.1733990833128014,1.3448689058859886,1.5413957618857497,1.766641257271189,2.0248020716460626,2.320688149033101,2.320688149033101,2.024802071646062,1.7666412572711885,1.5413957618857494,1.3448689058859884,1.1733990833128014,1.0237915403451572,0.8932588519867601,0.7793689879325435,0.68
0.68,0.7824534044654737,0.9003431325876622,1.0359949254122436,1.1920849358790655,1.371692524250854,1.578361008058706,1.8161675650457225,2.089803668161464,2.4046676394373128,2.4046676394373128,2.089803668161464,1.8161675650457227,1.578361008058706,1.371692524250854,1.1920849358790655,1.0359949254122436,0.9003431325876621,0.7824534044654737,0.68
0.68,0.7758927277437495,0.885308124949465,1.0101531411187419,1.15260364132579,1.3151423283465373,1.5006020125177364,1.7122149834560976,1.9536693441139272,2.2291732889910243,2.2291732889910243,1.9536693441139268,1.7122149834560974,1.500602012517736,1.3151423283465375,1.15260364132579,1.0101531411187417,0.8853081249494648,0.7758927277437495,0.68
0.68,0.7754339446317081,0.884261474245722,1.0083622986179555,1.1498799335812022,1.3112587246319385,1.4952860665795393,1.7051405484714752,1.9444468553716323,2.2173383752758014,2.217338375275802,1.9444468553716325,1.7051405484714748,1.4952860665795396,1.3112587246319387,1.1498799335812022,1.0083622986179557,0.8842614742457221,0.775433944631708,0.6800000000000002
0.68,0.7752725739430479,0.8838934763357041,1.0077328977797793,1.1489230551600231,1.3098949032888556,1.493419990099457,1.7026581760329518,1.9412120392327084,2.2131889032723167,2.2131889032723167,1.9412120392327088,1.702658176032952,1.4934199900994567,1.3098949032888552,1.148923055160023,1.007732897779779,0.8838934763357038,0.7752725739430477,0.6799999999999998
0.68,0.8237660384792858,0.9979271855174353,1.2089095945654134,1.4644980405805146,1.774123160661304,2.149209423282811,2.603596665411812,3.1540507512708325,3.820882194907336,3.8208821949073353,3.154050751270832,2.603596665411811,2.1492094232828114,1.774123160661304,1.4644980405805146,1.2089095945654134,0.9979271855174355,0.823766038479286,0.6800000000000002
0.68,0.7745979467967815,0.8823558517379259,1.0051044575004746,1.1449291898472949,1.3042055877697307,1.4856396624813573,1.6923138709381216,1.9277394849476217,2.1959162455875183,2.1959162455875187,1.9277394849476217,1.6923138709381218,1.4856396624813577,1.3042055877697312,1.1449291898472949,1.0051044575004748,0.8823558517379261,0.7745979467967818,0.6800000000000003
0.68,0.7805340428392332,0.895931458869056,1.0283897113204654,1.1804311455753456,1.3549510211018703,1.5552726446320444,1.7852106544586994,2.049143660947533,2.3520976265261253,2.352097626526125,2.0491436609475326,1.7852106544586999,1.5552726446320442,1.3549510211018703,1.1804311455753453,1.0283897113204654,0.8959314588690558,0.7805340428392333,0.6799999999999999
0.68,0.7776003818640438,0.8892093439339808,1.0168375373531462,1.1627842019698538,1.3296785874665233,1.5205273196623692,1.7387685653002491,1.9883339711039258,2.2737194929465643,2.2737194929465643,1.9883339711039258,1.7387685653002494,1.5205273196623694,1.3296785874665236,1.1627842019698538,1.0168375373531462,0.8892093439339809,0.777600381864044,0.6800000000000002
0.68,0.7791613905614706,0.8927830478554187,1.0229736485834355,1.1721493684382513,1.3430787233207315,1.538933949553097,1.7633498766412459,2.0204913851914577,2.3151307019165412,2.3151307019165412,2.0204913851914577,1.7633498766412457,1.538933949553097,1.3430787233207315,1.1721493684382513,1.0229736485834353,0.8927830478554186,0.7791613905614708,0.6800000000000002
0.68,0.7831981573678759,0.9020578730947586,1.038955976539706,1.1966300094297644,1.3782329682889634,1.587396354687609,1.8283027941232621,2.1057696756880553,2.4253454850588736,2.4253454850588745,2.1057696756880557,1.8283027941232626,1.587396354687609,1.3782329682889636,1.1966300094297644,1.038955976539706,0.9020578730947587,0.7831981573678758,0.6799999999999999
0.68,0.7775420658652334,0.8890759767499632,1.0166087818725245,1.1624354300498545,1.329180067229272,1.5198432579122618,1.737855980218304,1.987141366228221,2.2721852986225786,2.272185298622578,1.987141366228221,1.737855980218304,1.5198432579122616,1.3291800672292717,1.1624354300498545,1.0166087818725245,0.8890759767499631,0.7775420658652332,0.68
0.68,0.7763153638388544,0.8862728590180191,1.0118047603074634,1.1551170303411373,1.3187280848319662,1.5055130485012405,1.718754279428505,1.9621990496825412,2.240125395850818,2.240125395850818,1.962199049682541,1.7187542794285047,1.5055130485012402,1.3187280848319662,1.1551170303411376,1.0118047603074634,0.886272859018019,0.7763153638388544,0.6799999999999999
0.68,0.7801421027624875,0.8950319125039348,1.0268412915593388,1.1780619476477223,1.3515525367975962,1.5505927030165456,1.778945076263966,2.040926400728742,2.3414891380117586,2.3414891380117586,2.040926400728742,1.7789450762639665,1.5505927030165456,1.3515525367975965,1.178061947647722,1.0268412915593388,0.895031912503935,0.7801421027624875,0.68
0.68,0.7810224507060369,0.8970530419218588,1.0303214194339931,1.1833884706195,1.3591955345007514,1.5611209225654097,1.7930448364566258,2.0594239299928807,2.3653769483024965,2.3653769483024965,2.0594239299928807,1.7930448364566256,1.5611209225654092,1.359195534500751,1.1833884706194997,1.0303214194339931,0.8970530419218585,0.7810224507060367,0.6799999999999999
0.68,0.7796575742454228,0.8939204898209663,1.0249292362677864,1.1751380031202296,1.3473606542887182,1.5448234402300995,1.77122543536363,2.0308078329079424,2.328433395240603,2.3284333952406024,2.0308078329079415,1.7712254353636294,1.5448234402300993,1.347360654288718,1.1751380031202296,1.0249292362677862,0.8939204898209661,0.7796575742454228,0.68
0.68,0.7850344458644384,0.9062927664613026,1.0462809407498492,1.2078920272648253,1.3944659533645811,1.6098585396711613,1.8585211861924762,2.1455928669557784,2.4770063343548836,2.477006334354884,2.145592866955778,1.8585211861924753,1.6098585396711602,1.3944659533645798,1.2078920272648235,1.0462809407498477,0.9062927664613009,0.7850344458644363,0.6799999999999984
0.68,0.7884015392685325,0.9140838045896935,1.0598015861161043,1.2287488261958368,1.4246286263929415,1.6517344146091328,1.9150440513833074,2.2203289380553626,2.574280518301932,2.574280518301932,2.220328938055362,1.915044051383307,1.6517344146091328,1.424628626392941,1.2287488261958366,1.059801586116104,0.9140838045896933,0.7884015392685325,0.68
0.68,0.7843825414457197,0.9047881931247739,1.0436765623430746,1.203884815320578,1.3886856338956848,1.6018540688003788,1.847744655162953,2.13138036552862,2.4585552175012437,2.4585552175012437,2.13138036552862,1.8477446551629522,1.6018540688003784,1.388685633895685,1.2038848153205777,1.0436765623430746,0.9047881931247737,0.7843825414457197,0.68
0.68,0.8019785570349064,0.9458376557996918,1.1155022329228166,1.3156012810715536,1.5515941426868218,1.8299194583173377,2.1581708333403467,2.545304015819283,3.0018812379733846,3.0018812379733846,2.545304015819284,2.158170833340347,1.829919458317338,1.5515941426868216,1.3156012810715536,1.1155022329228164,0.9458376557996918,0.8019785570349062,0.6799999999999999
0.68,0.7847143063292888,0.9055537390556719,1.0450014326278905,1.205922903408394,1.3916249332863528,1.6059235208740341,1.8532222966184662,2.138603013183722,2.467929970594399,2.467929970594399,2.138603013183722,1.8532222966184662,1.6059235208740341,1.391624933286353,1.2059229034083943,1.0450014326278907,0.9055537390556722,0.7847143063292891,0.6800000000000004
0.68,0.7866695575252984,0.910072048142719,1.0528323168067277,1.2179869600157107,1.4090489160399156,1.6300821872244438,1.8857882837554765,2.1816062276004597,2.523828243766013,2.5238282437660136,2.1816062276004597,1.8857882837554767,1.630082187224444,1.4090489160399156,1.2179869600157107,1.0528323168067277,0.9100720481427189,0.7866695575252985,0.6800000000000002
0.68,0.7853239387181152,0.9069613069466673,1.0474388615239505,1.2096747239682457,1.3970389982271934,1.6134237773979254,1.863323993658233,2.151930790893605,2.485239359637286,2.4852393596372857,2.1519307908936045,1.8633239936582324,1.6134237773979252,1.3970389982271934,1.2096747239682457,1.0474388615239503,0.9069613069466674,0.7853239387181148,0.6799999999999999
0.68,0.7893828627870921,0.9163607412675665,1.0637639195404318,1.234877953141829,1.4335169027114143,1.6641083478176792,1.9317920758650255,2.242534645817284,2.6032623803154205,2.6032623803154196,2.242534645817284,1.9317920758650253,1.6641083478176784,1.433516902711414,1.234877953141829,1.0637639195404311,0.9163607412675664,0.7893828627870922,0.6800000000000002
0.68,0.7886853440033237,0.9147420174200604,1.0609465039459336,1.2305190565201798,1.427194625579799,1.6553051238751448,1.919874839785196,2.2267311006754604,2.582632623734007,2.5826326237340074,2.22673110067546,1.9198748397851952,1.6553051238751448,1.4271946255797987,1.2305190565201793,1.0609465039459334,0.9147420174200601,0.7886853440033236,0.6799999999999998
0.68,0.7888934909534826,0.9152249118658421,1.0617867290138787,1.2318185872056446,1.429078919826541,1.6579280263382234,1.9234244535993805,2.2314368114489858,2.588773494156027,2.588773494156027,2.2314368114489853,1.9234244535993803,1.6579280263382234,1.429078919826541,1.2318185872056446,1.0617867290138787,0.9152249118658418,0.7888934909534827,0.6799999999999998
0.68,0.794353882439366,0.9279383684507266,1.0839874200636552,1.266278846533818,1.4792257617573241,1.7279834218474395,2.0185740293167274,2.3580325252632597,2.7545768990605475,2.754576899060549,2.3580325252632606,2.0185740293167274,1.72798342184744,1.4792257617573241,1.266278846533818,1.083987420063655,0.9279383684507265,0.7943538824393659,0.6799999999999999
0.68,0.7892292298957768,0.916004084296884,1.0631429382809057,1.2339168859537832,1.4321224612598522,1.6621660400243496,1.9291617995990156,2.2390454138851204,2.5987060113268012,2.598706011326801,2.2390454138851204,1.9291617995990151,1.6621660400243494,1.432122461259852,1.2339168859537832,1.0631429382809057,0.9160040842968837,0.7892292298957767,0.6799999999999999
0.68,0.7889701104891061,0.9154026988899888,1.0620961301253828,1.2322972075515812,1.4297730352902767,1.6588943965107563,1.9247324930953682,2.2331711878520957,2.591037233559936,2.5910372335599354,2.2331711878520957,1.9247324930953678,1.6588943965107559,1.4297730352902764,1.2322972075515812,1.0620961301253828,0.9154026988899887,0.788970110489106,0.68
0.68,0.7968091375473487,0.9336835318808087,1.094069955558985,1.2820072613315017,1.5022280885749892,1.7602780406718226,2.0626553344577236,2.4169744383922014,2.832157820190115,2.8321578201901145,2.4169744383922014,2.062655334457723,1.7602780406718224,1.5022280885749886,1.2820072613315014,1.0940699555589848,0.9336835318808084,0.7968091375473487,0.6799999999999998
0.68,0.7938775398641557,0.9268258063246531,1.0820385161876882,1.2632442283372696,1.4747959121176255,1.7217755154612557,2.0101160447245885,2.346744088863858,2.739746211702925,2.7397462117029243,2.3467440888638573,2.010116044724588,1.721775515461255,1.4747959121176253,1.2632442283372693,1.082038516187688,0.926825806324653,0.7938775398641555,0.68
0.68,0.7917504200944647,0.9218657760584728,1.073364140389714,1.249759572158662,1.455143626873087,1.69428026158022,1.9727163365645577,2.2969102767679437,2.6743818772798713,2.6743818772798713,2.2969102767679432,1.9727163365645568,1.69428026158022,1.4551436268730868,1.2497595721586618,1.0733641403897138,0.9218657760584723,0.7917504200944645,0.68
0.68,0.7908737363614603,0.9198253924504948,1.0698025660698078,1.2442334597010394,1.4471052429113345,1.6830551917199195,1.957476688203069,2.2766425032935556,2.647848180792768,2.6478481807927676,2.276642503293555,1.957476688203068,1.6830551917199192,1.4471052429113338,1.2442334597010392,1.0698025660698076,0.9198253924504946,0.79087373636146,0.6799999999999997
